1, 2, 3, 4, 5
1
1: 1
3: 1, 2
infinite
infinite: 3
infinite infinity
infinite infinity: 2
3: 1
5: 2, 3
1: 1
1
infinite: 16383, 16384, 32767, 32768, 1073741823, 1073741824, 2147483647, 2147483648, 4611686018427387903, 4611686018427387904, 9223372036854775807, 9223372036854775808
infinite
10: 9, 7, 5, 3, 2, 1
infinite: 8, 2, 4, 7, 5, 3
infinite infinity: 3
1: 1, 2, 3, 4, 5, 6, 7, 8, 9, 10
13: 1, 10, 13, 17, 19, 21
25: 1, 10, 13, 17, 19, 21
10: 9, 1, 8, 2, 7, 3, 6, 4, 5
infinite infinity: 25
1: 1, 65535
2: 1, 32767
3: 1, 16383
4: 1, 8191
5: 1, 4095
6: 1, 2047
7: 1, 1023
8: 1, 511
9: 1, 255
10: 1, 127
11: 1, 63
12: 1, 31
13: 1, 15
14: 1, 7
15: 1, 3
16: 1
17: 1, 2
18: 1, 4
19: 1, 8
20: 1, 16
21: 1, 32
22: 1, 64
23: 1, 128
24: 1, 256
25: 1, 65536
