8
23,22,9,16,14,25,7,8,15,13,11,18,2,27,3,23,27,16,8,3,16,9,5,17,2
3,16,9,5,14,2,7,8,15,13,11,18,2,27,3,23,27,16,8,23,22,9,16,17,25
3,16,9,5,8,2,7,8,15,13,11,18,2,27,3,23,27,16,14,23,22,9,16,17,25
3,16,2,5,3,2,7,8,14,13,11,9,9,17,8,23,27,16,15,23,22,18,16,27,25
3,14,2,5,3,2,7,8,16,13,11,9,9,17,8,16,27,16,15,23,22,18,23,27,25
2,7,2,5,3,3,9,8,16,8,11,14,9,15,13,16,18,16,17,23,22,27,23,27,25
2,3,2,5,7,3,8,8,14,9,11,13,9,15,16,16,18,16,17,23,22,25,23,27,27
2,3,2,3,7,5,8,8,11,9,9,13,14,15,16,16,17,16,18,23,22,25,23,27,27
2,2,3,3,5,7,8,8,9,9,11,13,14,15,16,16,16,17,18,22,23,23,25,27,27

23,28,15,23,21,19,21,22,17,20,9,15,4,10,6,22
23,15,23,21,19,21,22,17,20,9,15,4,10,6,22,28
15,23,21,19,21,22,17,20,9,15,4,10,6,22,23,28
15,21,19,21,22,17,20,9,15,4,10,6,22,23,23,28
15,19,21,21,17,20,9,15,4,10,6,22,22,23,23,28
15,19,21,17,20,9,15,4,10,6,21,22,22,23,23,28
15,19,17,20,9,15,4,10,6,21,21,22,22,23,23,28
15,17,19,9,15,4,10,6,20,21,21,22,22,23,23,28
15,17,9,15,4,10,6,19,20,21,21,22,22,23,23,28
15,9,15,4,10,6,17,19,20,21,21,22,22,23,23,28
9,15,4,10,6,15,17,19,20,21,21,22,22,23,23,28
9,4,10,6,15,15,17,19,20,21,21,22,22,23,23,28
4,9,6,10,15,15,17,19,20,21,21,22,22,23,23,28
4,6,9,10,15,15,17,19,20,21,21,22,22,23,23,28

6,29,11,4,5,2
5,2,11,4,6,29
4,2,11,5,6,29
4,2,6,5,11,29
2,4,5,6,11,29

19,11,17
11,17,19

16,3,3,15,21,18,6,11,28,16,21,3,1,7,21
3,16,3,15,6,21,11,18,16,28,1,21,3,7,21
3,3,6,16,11,15,16,21,1,18,3,28,7,21,21
3,3,6,11,15,16,1,16,3,21,7,18,21,28,21
3,3,6,11,1,15,3,16,7,16,18,21,21,21,28
3,3,1,6,3,11,7,15,16,16,18,21,21,21,28
1,3,3,3,6,7,11,15,16,16,18,21,21,21,28

24,20,25,23,13
23,13,25,24,20
23,13,20,24,25
13,20,23,24,25

14,13,29,3,22,22,13
13,14,3,22,22,13,29
13,3,14,22,13,22,29
3,13,14,13,22,22,29
3,13,13,14,22,22,29

12,11,12,24,24,26,13,5,29,26,3,12,2,10,6,9,20,3,12
11,12,12,24,13,24,5,26,3,29,2,26,6,12,9,10,3,20,12
11,12,12,13,5,24,3,24,2,26,6,29,9,26,3,12,10,12,20
11,12,5,12,3,13,2,24,6,24,9,26,3,29,10,26,12,12,20
5,11,3,12,2,12,6,13,9,24,3,24,10,26,12,29,12,26,20
3,5,2,11,6,12,9,12,3,13,10,24,12,24,12,26,20,29,26
2,3,5,6,9,11,3,12,10,12,12,13,12,24,20,24,26,26,29
2,3,5,6,3,9,10,11,12,12,12,12,13,20,24,24,26,26,29
2,3,3,5,6,9,10,11,12,12,12,12,13,20,24,24,26,26,29
